n   time 
           9  2.000000000000049E-006
          16  1.999999999999940E-006
          25  2.000000000000049E-006
          36  2.999999999999965E-006
          49  5.000000000000013E-006
          64  5.999999999999929E-006
          81  7.000000000000062E-006
         100  7.999999999999978E-006
         121  1.100000000000005E-005
         144  1.399999999999991E-005
         169  1.700000000000009E-005
         196  1.900000000000003E-005
         225  2.300000000000002E-005
         256  2.800000000000003E-005
         289  3.299999999999993E-005
         324  4.000000000000000E-005
         361  4.700000000000006E-005
         400  5.299999999999999E-005
         441  6.099999999999996E-005
         484  6.999999999999997E-005
         529  7.900000000000008E-005
         576  8.899999999999999E-005
         625  1.010000000000000E-004
         676  1.129999999999999E-004
         729  1.260000000000000E-004
         784  1.410000000000000E-004
         841  1.550000000000000E-004
         900  1.720000000000000E-004
         961  2.050000000000000E-004
        1024  2.010000000000000E-004
        1089  2.269999999999999E-004
        1156  2.490000000000000E-004
        1225  2.620000000000000E-004
        1296  3.040000000000001E-004
        1369  3.089999999999998E-004
        1444  3.560000000000001E-004
        1521  3.730000000000001E-004
        1600  4.140000000000000E-004
        1681  4.320000000000001E-004
        1764  4.639999999999999E-004
        1849  4.980000000000000E-004
        1936  5.329999999999999E-004
        2025  5.700000000000000E-004
        2116  6.210000000000001E-004
        2209  6.479999999999999E-004
        2304  6.680000000000000E-004
        2401  7.549999999999999E-004
        2500  7.959999999999999E-004
        2601  8.339999999999999E-004
        2704  8.770000000000001E-004
        2809  9.289999999999999E-004
        2916  9.809999999999999E-004
        3025  1.053000000000000E-003
        3136  1.093000000000000E-003
        3249  1.156000000000000E-003
        3364  1.216000000000000E-003
        3481  1.298000000000000E-003
        3600  1.369000000000000E-003
        3721  1.425000000000000E-003
        3844  1.487000000000000E-003
        3969  1.559000000000000E-003
        4096  1.649000000000000E-003
        4225  1.713000000000000E-003
        4356  1.801000000000000E-003
        4489  1.877000000000000E-003
        4624  1.970000000000000E-003
        4761  2.048000000000000E-003
        4900  2.144000000000000E-003
        5041  2.242000000000000E-003
        5184  2.334000000000000E-003
        5329  2.471000000000000E-003
        5476  2.617000000000000E-003
        5625  2.677000000000000E-003
        5776  2.782000000000000E-003
        5929  2.888000000000000E-003
        6084  3.014000000000000E-003
        6241  3.128000000000000E-003
        6400  3.233000000000000E-003
        6561  3.366000000000000E-003
        6724  3.509000000000000E-003
        6889  3.620000000000000E-003
        7056  3.743000000000000E-003
        7225  3.881000000000000E-003
        7396  3.980000000000000E-003
        7569  4.059000000000000E-003
        7744  4.142000000000000E-003
        7921  4.411000000000000E-003
        8100  4.540000000000000E-003
        8281  4.704000000000000E-003
        8464  4.847000000000001E-003
        8649  5.042000000000000E-003
        8836  5.108000000000000E-003
        9025  5.415000000000000E-003
        9216  6.232000000000000E-003
        9409  6.376000000000000E-003
        9604  6.579000000000000E-003
        9801  6.011000000000000E-003
       10000  6.179000000000000E-003
       10201  6.550000000000000E-003
       10404  6.582000000000000E-003
       10609  6.886000000000000E-003
       10816  7.054000000000000E-003
       11025  6.963000000000000E-003
       11236  7.587000000000000E-003
       11449  7.820000000000001E-003
       11664  7.911000000000000E-003
       11881  8.243000000000000E-003
       12100  7.963999999999999E-003
       12321  8.813999999999999E-003
       12544  8.874000000000000E-003
       12769  8.973000000000000E-003
       12996  9.219000000000001E-003
       13225  9.088000000000001E-003
       13456  9.363000000000000E-003
       13689  9.825000000000000E-003
       13924  1.033300000000000E-002
       14161  1.020000000000000E-002
       14400  9.849000000000000E-003
       14641  1.128000000000000E-002
       14884  1.095300000000000E-002
       15129  1.141200000000000E-002
       15376  1.134400000000000E-002
       15625  1.203600000000000E-002
       15876  1.208300000000000E-002
       16129  1.260200000000000E-002
       16384  1.342700000000000E-002
       16641  1.374200000000000E-002
       16900  1.460200000000000E-002
       17161  1.345300000000000E-002
       17424  1.401200000000000E-002
       17689  1.492300000000000E-002
       17956  1.525500000000000E-002
       18225  1.525300000000000E-002
       18496  1.630200000000000E-002
       18769  1.578200000000000E-002
       19044  1.627300000000000E-002
       19321  1.575100000000000E-002
       19600  1.560000000000000E-002
       19881  1.714600000000000E-002
       20164  1.760800000000000E-002
       20449  1.758600000000000E-002
       20736  1.804400000000000E-002
       21025  1.892800000000000E-002
       21316  1.881800000000000E-002
       21609  1.936300000000000E-002
       21904  1.940500000000000E-002
       22201  1.992600000000000E-002
       22500  2.042900000000000E-002
       22801  2.015500000000000E-002
       23104  2.050500000000000E-002
       23409  2.259300000000000E-002
       23716  2.244900000000000E-002
       24025  2.279200000000000E-002
       24336  2.348200000000000E-002
       24649  2.328000000000000E-002
       24964  2.379900000000000E-002
       25281  2.325600000000000E-002
       25600  2.574700000000000E-002
       25921  2.562000000000000E-002
       26244  2.470600000000000E-002
       26569  2.685000000000000E-002
       26896  2.679200000000000E-002
       27225  2.605600000000000E-002
       27556  2.780100000000000E-002
       27889  2.840900000000000E-002
       28224  2.816300000000000E-002
       28561  3.067500000000000E-002
       28900  3.030300000000000E-002
       29241  3.205300000000000E-002
       29584  3.111600000000000E-002
       29929  3.165600000000000E-002
       30276  3.234900000000000E-002
       30625  3.313500000000000E-002
       30976  3.333600000000000E-002
       31329  3.503700000000000E-002
       31684  3.463400000000000E-002
       32041  3.560900000000000E-002
       32400  3.515800000000000E-002
       32761  3.590200000000000E-002
       33124  3.746900000000000E-002
       33489  3.598200000000000E-002
       33856  3.798600000000000E-002
       34225  3.962200000000000E-002
       34596  3.905700000000000E-002
       34969  4.112300000000001E-002
       35344  4.010300000000000E-002
       35721  4.021100000000000E-002
       36100  4.158800000000000E-002
       36481  4.386600000000000E-002
       36864  4.841500000000000E-002
       37249  4.342300000000000E-002
       37636  4.522100000000000E-002
       38025  4.695900000000000E-002
       38416  4.734900000000000E-002
       38809  5.036100000000000E-002
       39204  4.896100000000000E-002
       39601  4.945200000000000E-002
       40000  4.788000000000000E-002
       40401  5.302500000000000E-002
       40804  5.290000000000000E-002
       41209  5.580599999999999E-002
       41616  5.479500000000000E-002
       42025  6.057700000000000E-002
       42436  5.855500000000000E-002
       42849  5.716400000000000E-002
       43264  5.869500000000000E-002
       43681  5.980200000000000E-002
       44100  5.835100000000000E-002
       44521  5.936500000000000E-002
       44944  6.172800000000000E-002
       45369  6.420000000000001E-002
       45796  6.499900000000000E-002
       46225  6.529400000000000E-002
       46656  6.498300000000001E-002
       47089  6.695400000000000E-002
       47524  6.555999999999999E-002
       47961  6.788499999999999E-002
       48400  6.762700000000001E-002
       48841  6.961800000000000E-002
       49284  7.214200000000000E-002
       49729  7.121900000000000E-002
       50176  7.468900000000001E-002
       50625  7.366299999999999E-002
       51076  7.652399999999999E-002
       51529  7.350500000000000E-002
       51984  7.577900000000000E-002
       52441  7.932800000000000E-002
       52900  7.934100000000001E-002
       53361  7.767800000000000E-002
       53824  7.998000000000000E-002
       54289  8.233599999999999E-002
       54756  8.223000000000001E-002
       55225  8.435700000000000E-002
       55696  8.599400000000000E-002
       56169  8.685400000000000E-002
       56644  8.863900000000000E-002
       57121  9.135499999999999E-002
       57600  9.441600000000000E-002
       58081  0.101979000000000     
       58564  9.192300000000000E-002
       59049  0.115458000000000     
       59536  9.540200000000000E-002
       60025  9.495100000000001E-002
       60516  9.660099999999999E-002
       61009  9.827899999999999E-002
       61504  9.875600000000000E-002
       62001  0.101503000000000     
       62500  0.110206000000000     
       63001  0.103602000000000     
       63504  0.104156000000000     
       64009  0.111576000000000     
       64516  0.108247000000000     
       65025  0.103615000000000     
       65536  0.146277000000000     
       66049  0.107312000000000     
       66564  0.117574000000000     
       67081  0.122829000000000     
       67600  0.116190000000000     
       68121  0.137913000000000     
       68644  0.135096000000000     
       69169  0.129350000000000     
       69696  0.131571000000000     
       70225  0.127301000000000     
       70756  0.127735000000000     
       71289  0.125547000000000     
       71824  0.128814000000000     
       72361  0.129706000000000     
       72900  0.137990000000000     
       73441  0.135268000000000     
       73984  0.145062000000000     
       74529  0.141820000000000     
       75076  0.137400000000000     
       75625  0.139875000000000     
       76176  0.139638000000000     
       76729  0.139023000000000     
       77284  0.148924000000000     
       77841  0.146618000000000     
       78400  0.146703000000000     
       78961  0.153798000000000     
       79524  0.154764000000000     
       80089  0.152705000000000     
       80656  0.152712000000000     
       81225  0.160332000000000     
       81796  0.161890000000000     
       82369  0.158468000000000     
       82944  0.171087000000000     
       83521  0.162617000000000     
       84100  0.165125000000000     
       84681  0.167944000000000     
       85264  0.169937000000000     
       85849  0.171463000000000     
       86436  0.174352000000000     
       87025  0.171211000000000     
       87616  0.167246000000000     
       88209  0.176468000000000     
       88804  0.178891000000000     
       89401  0.183245000000000     
       90000  0.184402000000000     
       90601  0.181925000000000     
       91204  0.188334000000000     
       91809  0.191348000000000     
       92416  0.196343000000000     
       93025  0.193792000000000     
       93636  0.190688000000000     
       94249  0.194756000000000     
       94864  0.194015000000000     
       95481  0.198719000000000     
       96100  0.206989000000000     
       96721  0.207731000000000     
       97344  0.200695000000000     
       97969  0.211034000000000     
       98596  0.210051000000000     
       99225  0.218292000000000     
       99856  0.218219000000000     
      100489  0.226699000000000     
      101124  0.223086000000000     
      101761  0.225439000000000     
      102400  0.253547000000000     
      103041  0.231889000000000     
      103684  0.233741000000000     
      104329  0.237034000000000     
      104976  0.233002000000000     
      105625  0.234211000000000     
      106276  0.238741000000000     
      106929  0.244322000000000     
      107584  0.237557000000000     
      108241  0.250217000000000     
      108900  0.247659000000000     
      109561  0.252514000000000     
      110224  0.252775000000000     
      110889  0.257108000000000     
      111556  0.259774000000000     
      112225  0.288377000000000     
      112896  0.275112000000000     
      113569  0.271792000000000     
      114244  0.279145000000000     
      114921  0.272953000000000     
      115600  0.268524000000000     
      116281  0.278267000000000     
      116964  0.287520000000000     
      117649  0.286772000000000     
      118336  0.280982000000000     
      119025  0.288644000000000     
      119716  0.284670000000000     
      120409  0.295345000000000     
      121104  0.290145000000000     
      121801  0.292144000000000     
      122500  0.295209000000000     
      123201  0.299323000000000     
      123904  0.326835000000000     
      124609  0.302794000000000     
      125316  0.308528000000000     
      126025  0.317654000000000     
      126736  0.302490000000000     
      127449  0.316969000000000     
      128164  0.315265000000000     
      128881  0.322124000000000     
      129600  0.314473000000000     
      130321  0.327633000000000     
      131044  0.328711000000000     
      131769  0.326913000000000     
      132496  0.329402000000000     
      133225  0.337299000000000     
      133956  0.339017000000000     
      134689  0.339671000000000     
      135424  0.358323000000000     
      136161  0.348452000000000     
      136900  0.358283000000000     
      137641  0.359908000000000     
      138384  0.353892000000000     
      139129  0.354157000000000     
      139876  0.358021000000000     
      140625  0.400454000000000     
      141376  0.333299000000000     
      142129  0.347828000000000     
      142884  0.353454000000000     
      143641  0.361042000000000     
      144400  0.366730000000000     
      145161  0.361513000000000     
      145924  0.363191000000000     
      146689  0.371566000000000     
      147456  0.498619000000000     
      148225  0.376245000000000     
      148996  0.384574000000000     
      149769  0.382848000000000     
      150544  0.390734000000000     
      151321  0.394628000000000     
      152100  0.389602000000000     
      152881  0.406525000000000     
      153664  0.383120000000000     
      154449  0.395873000000000     
      155236  0.408556000000000     
      156025  0.417383000000000     
      156816  0.403660000000000     
      157609  0.432515000000000     
      158404  0.427608000000000     
      159201  0.417928000000000     
      160000  0.436672000000000     
      160801  0.427647000000000     
      161604  0.428863000000000     
      162409  0.431672000000000     
      163216  0.430449000000000     
      164025  0.434610000000000     
      164836  0.439770000000000     
      165649  0.450667000000000     
      166464  0.433709000000000     
      167281  0.455165000000000     
      168100  0.470787000000000     
      168921  0.462818000000000     
      169744  0.467214000000000     
      170569  0.465056000000000     
      171396  0.477456000000000     
      172225  0.489336000000000     
      173056  0.514592000000000     
      173889  0.492046000000000     
      174724  0.479605000000000     
      175561  0.512578000000000     
      176400  0.491829000000000     
      177241  0.509790000000000     
      178084  0.499584000000000     
      178929  0.524771000000000     
      179776  0.498651000000000     
      180625  0.517188000000000     
      181476  0.518299000000000     
      182329  0.554549000000000     
      183184  0.512061000000000     
      184041  0.545926000000000     
      184900  0.543246000000000     
      185761  0.536742000000000     
      186624  0.563869000000000     
      187489  0.551473000000000     
      188356  0.547636000000000     
      189225  0.558075000000000     
      190096  0.548442000000000     
      190969  0.570833000000000     
      191844  0.562503000000000     
      192721  0.597660000000000     
      193600  0.545978000000000     
      194481  0.577150000000000     
      195364  0.585716000000000     
      196249  0.589722000000000     
      197136  0.614932000000000     
      198025  0.595568000000000     
      198916  0.624597000000000     
      199809  0.598456000000000     
      200704  0.731318000000000     
      201601  0.596524000000000     
      202500  0.624529000000000     
      203401  0.623264000000000     
      204304  0.621415000000000     
      205209  0.664899000000000     
      206116  0.632147000000000     
      207025  0.625200000000000     
      207936  0.618306000000000     
      208849  0.649014000000000     
      209764  0.655639000000000     
      210681  0.641352000000000     
      211600  0.667517000000000     
      212521  0.676893000000000     
      213444  0.664293000000000     
      214369  0.693732000000000     
      215296  0.693642000000000     
      216225  0.683181000000000     
      217156  0.686579000000000     
      218089  0.700481000000000     
      219024  0.691401000000000     
      219961  0.716193000000000     
      220900  0.729732000000000     
      221841  0.695825000000000     
      222784  0.696979000000000     
      223729  0.725657000000000     
      224676  0.732634000000000     
      225625  0.733359000000000     
      226576  0.749627000000000     
      227529  0.748597000000000     
      228484  0.768562000000000     
      229441  0.842737000000000     
      230400  0.826662000000000     
      231361  0.764975000000000     
      232324  0.775596000000000     
      233289  0.769700000000000     
      234256  0.767430000000000     
      235225  0.781674000000000     
      236196  0.788679000000000     
      237169  0.778815000000000     
      238144  0.777916000000000     
      239121  0.813681000000000     
      240100  0.811553000000000     
      241081  0.819578000000000     
      242064  0.824244000000000     
      243049  0.807240000000000     
      244036  0.824772000000000     
      245025  0.853492000000000     
      246016  0.844688000000000     
      247009  0.856300000000000     
      248004  0.847510000000000     
      249001  0.879958000000000     
      250000  0.865621000000000     
      251001  0.890191000000000     
      252004  0.871035000000000     
      253009  0.896460000000000     
      254016  0.875909000000000     
      255025  0.895003000000000     
      256036  0.902719000000000     
      257049  0.916863000000000     
      258064  0.913315000000000     
      259081  0.936231000000000     
      260100  0.962492000000000     
      261121  0.890630000000000     
      262144   1.23049800000000     
      263169  0.965238000000000     
      264196  0.952918000000000     
      265225  0.981470000000000     
      266256  0.992507000000000     
      267289  0.968393000000000     
      268324  0.988119000000000     
      269361  0.980936000000000     
      270400  0.963402000000000     
      271441   1.02037100000000     
      272484   1.00123200000000     
      273529   1.01748700000000     
      274576   1.01487500000000     
      275625   1.04073900000000     
      276676   1.02443800000000     
      277729   1.04700400000000     
      278784   1.01940200000000     
      279841   1.02991300000000     
      280900   1.05034700000000     
      281961   1.06229600000000     
      283024   1.05682300000000     
      284089   1.08301500000000     
      285156   1.07260600000000     
      286225   1.10463600000000     
      287296   1.08597600000000     
      288369   1.10971400000000     
      289444   1.10236400000000     
      290521   1.28054400000000     
      291600   1.19585400000000     
      292681   1.22756900000000     
      293764   1.16959800000000     
      294849   1.15145800000000     
      295936   1.29004500000000     
      297025   1.15230900000000     
      298116   1.21730000000000     
      299209   1.20327100000000     
      300304   1.18164900000000     
      301401   1.20068800000000     
      302500   1.16972500000000     
      303601   1.18330100000000     
      304704   1.15419800000000     
      305809   1.22136400000000     
      306916   1.19888600000000     
      308025   1.22866100000000     
      309136   1.21703000000000     
      310249   1.21378900000000     
      311364   1.24213400000000     
      312481   1.23364000000000     
      313600   1.24393800000000     
      314721   1.33385900000000     
      315844   1.31902600000000     
      316969   1.25010800000000     
      318096   1.28683800000000     
      319225   1.31964700000000     
      320356   1.28324900000000     
      321489   1.30521300000000     
      322624   1.26549900000000     
      323761   1.31970500000000     
      324900   1.30619800000000     
      326041   1.30664700000000     
      327184   1.34435500000000     
      328329   1.35331400000000     
      329476   1.33576100000000     
      330625   1.35034900000000     
      331776   1.62314500000000     
      332929   1.39550300000000     
      334084   1.40239200000000     
      335241   1.41586400000000     
      336400   1.42064000000000     
      337561   1.38830100000000     
      338724   1.41345800000000     
      339889   1.42096900000000     
      341056   1.37072900000000     
      342225   1.43639100000000     
      343396   1.48804300000000     
      344569   1.51401400000000     
      345744   1.47768800000000     
      346921   1.49964700000000     
      348100   1.46792300000000     
      349281   1.46240500000000     
      350464   1.47675000000000     
      351649   1.54062300000000     
      352836   1.48862000000000     
      354025   1.48387500000000     
      355216   1.51837900000000     
      356409   1.52369900000000     
      357604   1.49256800000000     
      358801   1.55073700000000     
      360000   1.55536400000000     
      361201   1.55054000000000     
      362404   1.56183900000000     
      363609   1.54037300000000     
      364816   1.55815400000000     
      366025   1.58847600000000     
      367236   1.58973100000000     
      368449   1.58759700000000     
      369664   1.70786800000000     
      370881   1.61466900000000     
      372100   1.60939600000000     
      373321   1.64611200000000     
      374544   1.62892800000000     
      375769   1.67039400000000     
      376996   1.62341100000000     
      378225   1.66925100000000     
      379456   1.63697000000000     
      380689   1.68611200000000     
      381924   1.66765100000000     
      383161   1.74726600000000     
      384400   1.70805800000000     
      385641   1.72986600000000     
      386884   1.73078400000000     
      388129   1.74789100000000     
      389376   1.72297400000000     
      390625   1.75268700000000     
      391876   1.74613000000000     
      393129   1.75042200000000     
      394384   1.87790400000000     
      395641   1.87705100000000     
      396900   1.85742100000000     
      398161   1.83208800000000     
      399424   1.83829400000000     
      400689   1.84499800000000     
      401956   1.83511700000000     
      403225   1.82073700000000     
      404496   1.82604100000000     
      405769   1.87844500000000     
      407044   1.87651400000000     
      408321   1.88620800000000     
      409600   2.42231000000000     
      410881   1.90064000000000     
      412164   1.89495600000000     
      413449   1.91223400000000     
      414736   1.90537300000000     
      416025   1.99492100000000     
      417316   1.93201200000000     
      418609   1.95182100000000     
      419904   1.89640300000000     
      421201   2.00934400000000     
      422500   1.98128600000000     
      423801   2.00811200000000     
      425104   1.97245700000000     
      426409   2.06551000000000     
      427716   2.03204300000000     
      429025   2.03881300000000     
      430336   1.99577900000000     
      431649   2.04210000000000     
      432964   2.02729700000000     
      434281   2.04499800000000     
      435600   2.07016000000000     
      436921   2.10496300000000     
      438244   2.08522100000000     
      439569   2.23156200000000     
      440896   2.16707000000000     
      442225   2.18133500000000     
      443556   2.11961200000000     
      444889   2.12678700000000     
      446224   2.23707300000000     
      447561   2.25560700000000     
      448900   2.17168000000000     
      450241   2.18763400000000     
      451584   2.36125600000000     
      452929   2.22321500000000     
      454276   2.17380500000000     
      455625   2.19445100000000     
      456976   2.21995400000000     
      458329   2.24376200000000     
      459684   2.20768300000000     
      461041   2.27915200000000     
      462400   2.17595100000000     
      463761   2.27330200000000     
      465124   2.25222200000000     
      466489   2.32673100000000     
      467856   2.30839000000000     
      469225   2.50760000000000     
      470596   2.43301300000000     
      471969   2.36074300000000     
      473344   2.36104700000000     
      474721   2.35960300000000     
      476100   2.38967000000000     
      477481   2.36119400000000     
      478864   2.37070200000000     
      480249   2.64228500000000     
      481636   2.51795200000000     
      483025   2.59492800000000     
      484416   2.42081300000000     
      485809   2.46248500000000     
      487204   2.54322900000000     
      488601   2.49479400000000     
      490000   2.49681200000000     
      491401   2.45517900000000     
      492804   2.49643500000000     
      494209   2.52753700000000     
      495616   3.04953700000000     
      497025   2.55177000000000     
      498436   2.55473200000000     
      499849   2.51591600000000     
      501264   2.56201900000000     
      502681   2.60135800000000     
      504100   2.59063200000000     
      505521   2.58374500000000     
      506944   2.57090200000000     
      508369   2.61657200000000     
      509796   2.61736500000000     
      511225   2.70985000000000     
      512656   2.60826600000000     
      514089   2.71031600000000     
      515524   2.65063300000000     
      516961   2.69074300000000     
      518400   2.84760500000000     
      519841   2.84995300000000     
      521284   2.93008200000000     
      522729   2.87208200000000     
      524176   2.70602500000000     
      525625   2.74041000000000     
      527076   2.77820100000000     
      528529   2.79935300000000     
      529984   2.75317600000000     
      531441   2.78698600000000     
      532900   2.83802100000000     
      534361   2.81129100000000     
      535824   2.82620900000000     
      537289   2.84552100000000     
      538756   2.81925900000000     
      540225   2.84570000000000     
      541696   3.17126800000000     
      543169   2.92344600000000     
      544644   3.11032700000000     
      546121   2.90336300000000     
      547600   2.90241800000000     
      549081   2.93639800000000     
      550564   2.94450100000000     
      552049   2.94578800000000     
      553536   3.06404700000000     
      555025   3.15332200000000     
      556516   2.97190500000000     
      558009   2.97528500000000     
      559504   3.01195900000000     
      561001   3.01258700000000     
      562500   3.04153800000000     
      564001   3.04766600000000     
      565504   3.05726000000000     
      567009   3.11832400000000     
      568516   3.11680800000000     
      570025   3.11359000000000     
      571536   3.08804900000000     
      573049   3.18405800000000     
      574564   3.19481700000000     
      576081   3.20157400000000     
      577600   3.10840000000000     
      579121   3.23663600000000     
      580644   3.12989200000000     
      582169   3.24771900000000     
      583696   3.22754400000000     
      585225   3.26891400000000     
      586756   3.39347800000000     
      588289   3.43174000000000     
      589824   4.18846700000000     
      591361   3.50526500000000     
      592900   3.36784500000000     
      594441   3.31169700000000     
      595984   3.38682300000000     
      597529   3.46306500000000     
      599076   3.36590300000000     
      600625   3.38901600000000     
      602176   3.34661400000000     
      603729   3.37026300000000     
      605284   3.49794400000000     
      606841   3.46789800000000     
      608400   3.42671300000000     
      609961   3.41921000000000     
      611524   3.43612800000000     
      613089   3.45601100000000     
      614656   3.52716200000000     
      616225   3.48735100000000     
      617796   3.87037400000000     
      619369   3.77312900000000     
      620944   3.54943800000000     
      622521   3.64921200000000     
      624100   3.56305600000000     
      625681   3.62870200000000     
      627264   3.52236500000000     
      628849   3.61964000000000     
      630436   3.68484900000000     
      632025   3.63875200000000     
      633616   3.74353600000000     
      635209   3.69801000000000     
      636804   3.69535800000000     
      638401   3.69110400000000     
      640000   4.21043100000000     
      641601   3.76293700000000     
      643204   3.75723700000000     
      644809   3.78027000000000     
      646416   3.75881800000000     
      648025   4.04816800000000     
      649636   3.82160700000000     
      651249   3.81735200000000     
      652864   3.93983800000000     
      654481   3.86349600000000     
      656100   3.83590400000000     
      657721   3.87317300000000     
      659344   3.87230500000000     
      660969   3.88985600000000     
      662596   3.90033100000000     
      664225   3.95656900000000     
      665856   3.97471800000000     
      667489   3.96525800000000     
      669124   4.01966800000000     
      670761   4.02678500000000     
      672400   3.98254100000000     
      674041   4.16727500000000     
      675684   4.47385700000000     
      677329   4.33117100000000     
      678976   4.17984400000000     
      680625   4.15522500000000     
      682276   4.14646200000000     
      683929   4.15981100000000     
      685584   4.11684900000000     
      687241   4.13108100000000     
      688900   4.20470300000000     
      690561   4.18299900000000     
      692224   5.21351700000000     
      693889   4.22237000000000     
      695556   4.24566300000000     
      697225   4.26975000000000     
      698896   4.26352000000000     
      700569   4.28202200000000     
      702244   4.55798700000000     
      703921   4.61897500000000     
      705600   4.45164400000000     
      707281   4.52636800000000     
      708964   4.36382300000000     
      710649   4.42044700000000     
      712336   4.34222500000000     
      714025   4.39411500000000     
      715716   4.42420400000000     
      717409   4.47997400000000     
      719104   4.54203400000000     
      720801   4.73482200000000     
      722500   5.52179100000000     
      724201   5.06847600000000     
      725904   4.63696000000000     
      727609   5.52512300000000     
      729316   6.29233900000000     
      731025   5.41279900000000     
      732736   5.56524600000000     
      734449   5.67562200000000     
      736164   4.90453100000000     
      737881   5.40030000000000     
      739600   6.48312500000000     
